1 0.87578125 0.36171875 0.2046875 0.29140625
1 0.65546875 0.5609375 0.184375 0.32109375
1 0.315625 0.4140625 0.37890625 0.2703125
1 0.06640625 0.70859375 0.121875 0.1
1 0.19375 0.95703125 0.090625 0.0859375
1 0.375 0.94921875 0.10859375 0.1015625
1 0.40078125 0.765625 0.15703125 0.20078125
1 0.54140625 0.94453125 0.04375 0.0625
1 0.12890625 0.11875 0.1703125 0.2375
1 0.28671875 0.20546875 0.07265625 0.21328125
1 0.52265625 0.09140625 0.2734375 0.1828125
1 0.92890625 0.834375 0.12265625 0.16875
1 0.11640625 0.82109375 0.02578125 0.053125
1 0.17109375 0.85390625 0.04765625 0.04921875
1 0.83046875 0.06953125 0.06875 0.125
1 0.721875 0.184375 0.0578125 0.05546875
1 0.6765625 0.271875 0.04296875 0.04375
1 0.54609375 0.4453125 0.04453125 0.0640625
1 0.4734375 0.61015625 0.0296875 0.03671875
1 0.7796875 0.83515625 0.0421875 0.06484375
1 0.775 0.92890625 0.0390625 0.0734375
1 0.5609375 0.7046875 0.0328125 0.03203125
1 0.66796875 0.7625 0.04375 0.06953125
1 0.19765625 0.65 0.05 0.090625
1 0.853125 0.20234375 0.0484375 0.0421875
1 0.98515625 0.196875 0.02890625 0.08046875
1 0.00859375 0.84140625 0.015625 0.08203125
1 0.71171875 0.01875 0.04765625 0.03671875