1 0.615625 0.49921875 0.09140625 0.2265625
1 0.23125 0.17265625 0.14296875 0.0625
1 0.79375 0.3078125 0.21328125 0.11796875
1 0.0515625 0.51328125 0.096875 0.11484375
1 0.08515625 0.0328125 0.1640625 0.0578125
1 0.95390625 0.87734375 0.0703125 0.21953125
1 0.46484375 0.7 0.11953125 0.1703125
1 0.59453125 0.92890625 0.0890625 0.1421875
1 0.39609375 0.24375 0.30390625 0.19765625
1 0.27109375 0.82734375 0.09765625 0.22109375
1 0.70859375 0.1 0.1671875 0.06484375
1 0.209375 0.325 0.0734375 0.13359375
1 0.06171875 0.3140625 0.121875 0.18203125
1 0.0734375 0.65078125 0.1453125 0.11328125
1 0.19609375 0.63984375 0.04921875 0.04765625
1 0.32890625 0.55078125 0.05 0.059375
1 0.478125 0.4109375 0.06484375 0.14921875
1 0.76015625 0.54765625 0.1609375 0.18203125
1 0.93125 0.40390625 0.06171875 0.0859375
1 0.83359375 0.13125 0.06953125 0.11484375
1 0.32890625 0.0984375 0.10078125 0.1203125
1 0.071875 0.11484375 0.08359375 0.0875
1 0.58828125 0.709375 0.028125 0.04609375
1 0.509375 0.553125 0.0265625 0.0640625
1 0.04375 0.84375 0.0875 0.07421875
1 0.63828125 0.6421875 0.09453125 0.08359375
1 0.4 0.496875 0.03359375 0.04296875
1 0.14140625 0.475 0.05078125 0.078125
1 0.1953125 0.709375 0.0796875 0.06875
1 0.7484375 0.671875 0.05234375 0.0546875
1 0.4171875 0.02890625 0.090625 0.0578125
1 0.828125 0.034375 0.07421875 0.06875
1 0.2453125 0.06875 0.06171875 0.0953125
1 0.51484375 0.11328125 0.040625 0.046875
1 0.659375 0.2921875 0.075 0.13671875
1 0.35859375 0.7421875 0.046875 0.0671875
1 0.37890625 0.81015625 0.05390625 0.0671875
1 0.2109375 0.50859375 0.03046875 0.04609375
1 0.88125 0.66171875 0.0671875 0.06015625