1 0.053125 0.303125 0.0765625 0.2078125
1 0.12890625 0.6328125 0.25703125 0.16796875
1 0.2921875 0.4734375 0.32734375 0.240625
1 0.621875 0.29140625 0.0875 0.2046875
1 0.8578125 0.10234375 0.09609375 0.11875
1 0.784375 0.39765625 0.18984375 0.215625
1 0.76796875 0.63046875 0.12265625 0.16015625
1 0.85625 0.87734375 0.28671875 0.23359375
1 0.471875 0.6484375 0.0515625 0.12109375
1 0.36640625 0.87578125 0.0875 0.12265625
1 0.48984375 0.93359375 0.09140625 0.09140625
1 0.62890625 0.965625 0.17890625 0.06796875