1 0.6375 0.2625 0.32109375 0.253125
1 0.43359375 0.66484375 0.321875 0.5953125
1 0.61796875 0.5 0.153125 0.28203125
1 0.57734375 0.52421875 0.571875 0.2765625
1 0.89375 0.75625 0.20859375 0.2078125
1 0.31953125 0.3125 0.24453125 0.14921875
1 0.08828125 0.16953125 0.11875 0.15859375
1 0.2234375 0.5625 0.07734375 0.16953125
1 0.20234375 0.77109375 0.16015625 0.225
1 0.11640625 0.90703125 0.1515625 0.1859375
1 0.25703125 0.95703125 0.11953125 0.07109375
1 0.7734375 0.81640625 0.13984375 0.25234375
1 0.91484375 0.2625 0.146875 0.115625
1 0.35234375 0.103125 0.20703125 0.16796875
1 0.80390625 0.0921875 0.25390625 0.1625
1 0.9625 0.11484375 0.07421875 0.11171875
1 0.9703125 0.384375 0.05859375 0.05546875
1 0.04140625 0.321875 0.075 0.08984375
1 0.0265625 0.48203125 0.053125 0.0640625
1 0.12734375 0.46796875 0.05 0.071875
1 0.10546875 0.56015625 0.11875 0.04375
1 0.0984375 0.63125 0.05234375 0.06171875
1 0.02578125 0.77109375 0.03125 0.103125
1 0.56953125 0.08984375 0.17734375 0.08359375
1 0.11796875 0.40078125 0.06328125 0.06640625
1 0.9359375 0.6 0.07734375 0.09453125
1 0.20078125 0.415625 0.04375 0.0390625
1 0.9765625 0.9203125 0.04609375 0.09375
1 0.671875 0.940625 0.0453125 0.11796875
1 0.8984375 0.94921875 0.0328125 0.05625