1 0.72109375 0.41796875 0.55703125 0.8140625
1 0.11640625 0.10390625 0.2328125 0.20703125
1 0.1453125 0.47734375 0.10546875 0.0828125
1 0.13984375 0.315625 0.078125 0.11328125
1 0.31640625 0.23671875 0.134375 0.1234375
1 0.3875 0.421875 0.1765625 0.1640625
1 0.4625 0.92890625 0.11875 0.1421875
1 0.62109375 0.8484375 0.184375 0.17109375
1 0.29453125 0.94609375 0.15703125 0.1078125
1 0.0546875 0.6671875 0.0953125 0.0796875
1 0.125 0.75234375 0.05859375 0.08671875
1 0.02109375 0.865625 0.0421875 0.08359375
1 0.0640625 0.94296875 0.04609375 0.07265625
1 0.14375 0.85078125 0.0296875 0.1
1 0.21875 0.5734375 0.0453125 0.125
1 0.27578125 0.615625 0.04765625 0.13359375
1 0.21328125 0.265625 0.05703125 0.10234375
1 0.78984375 0.91953125 0.1359375 0.1609375
1 0.3421875 0.81640625 0.06171875 0.0359375
1 0.97109375 0.9078125 0.046875 0.115625
1 0.3453125 0.0390625 0.0546875 0.06875
1 0.3296875 0.11171875 0.0328125 0.04375
1 0.01328125 0.28984375 0.0265625 0.1296875
1 0.07421875 0.29296875 0.04375 0.0515625
1 0.17421875 0.978125 0.06640625 0.04296875