1 0.1359375 0.21015625 0.271875 0.4203125
1 0.8984375 0.15703125 0.203125 0.3140625
1 0.7703125 0.39921875 0.13515625 0.2953125
1 0.13984375 0.7359375 0.2796875 0.528125
1 0.75078125 0.93046875 0.40390625 0.1390625
1 0.7171875 0.696875 0.11171875 0.12109375
1 0.709375 0.09609375 0.21796875 0.1921875
1 0.87265625 0.66640625 0.13125 0.21875
1 0.446875 0.42578125 0.07734375 0.12578125
1 0.60234375 0.30078125 0.14140625 0.17578125
1 0.63046875 0.6171875 0.065625 0.0875
1 0.52578125 0.59609375 0.07265625 0.07890625