1 0.7859375 0.39921875 0.428125 0.44296875
1 0.65546875 0.78828125 0.128125 0.24765625
1 0.0484375 0.26015625 0.078125 0.11953125
1 0.21875 0.41953125 0.06328125 0.0515625
1 0.14609375 0.5046875 0.0875 0.0625
1 0.31328125 0.071875 0.1625 0.0953125
1 0.25859375 0.1671875 0.1328125 0.07578125
1 0.59609375 0.02421875 0.1109375 0.0484375
1 0.48515625 0.4015625 0.13984375 0.1984375
1 0.51796875 0.66484375 0.15546875 0.15703125
1 0.53359375 0.8859375 0.12578125 0.2015625
1 0.3453125 0.87109375 0.14375 0.159375
1 0.93203125 0.73046875 0.071875 0.1828125
1 0.8078125 0.73671875 0.09453125 0.1859375
1 0.128125 0.66328125 0.14609375 0.17109375
1 0.29140625 0.61796875 0.084375 0.08515625
1 0.05234375 0.47890625 0.090625 0.12734375
1 0.0515625 0.96484375 0.08359375 0.0703125
1 0.17890625 0.84765625 0.13203125 0.0953125
1 0.7515625 0.09765625 0.06796875 0.0984375