1 0.1328125 0.834375 0.19296875 0.33046875
1 0.115625 0.3140625 0.20859375 0.5859375
1 0.625 0.1515625 0.4296875 0.26484375
1 0.31328125 0.1453125 0.16953125 0.290625
1 0.3265625 0.825 0.1640625 0.34921875
1 0.4875 0.92265625 0.14375 0.1546875
1 0.83984375 0.57421875 0.15 0.17265625
1 0.9546875 0.790625 0.08984375 0.15625
1 0.49375 0.66640625 0.12421875 0.11875
1 0.92578125 0.17109375 0.09453125 0.12890625
1 0.6765625 0.6078125 0.090625 0.08515625
1 0.6390625 0.925 0.08359375 0.0984375
1 0.25859375 0.52265625 0.1 0.115625
1 0.63515625 0.30859375 0.384375 0.16640625
1 0.8625 0.2703125 0.0515625 0.09765625
1 0.53828125 0.76875 0.06875 0.1203125
1 0.7671875 0.95390625 0.084375 0.0921875
1 0.82421875 0.903125 0.08828125 0.19296875
1 0.92890625 0.04453125 0.1265625 0.0890625