1 0.15703125 0.37109375 0.28828125 0.50859375
1 0.39375 0.71484375 0.1453125 0.44140625
1 0.5453125 0.7609375 0.10859375 0.42578125
1 0.9046875 0.79453125 0.1875 0.4109375
1 0.66015625 0.12265625 0.15078125 0.2453125
1 0.9171875 0.08203125 0.16484375 0.16328125
1 0.765625 0.4 0.1328125 0.20390625
1 0.965625 0.3171875 0.06796875 0.059375
1 0.9234375 0.47265625 0.1328125 0.20234375
1 0.64609375 0.87421875 0.175 0.2515625
1 0.58515625 0.48984375 0.06328125 0.10078125
1 0.40390625 0.4234375 0.1375 0.1