1 0.24296875 0.5609375 0.32265625 0.44921875
1 0.47890625 0.64453125 0.134375 0.29921875
1 0.78984375 0.3890625 0.41953125 0.69296875
1 0.33203125 0.8984375 0.165625 0.203125
1 0.88515625 0.90078125 0.22890625 0.1984375
1 0.30078125 0.15 0.115625 0.16796875
1 0.50078125 0.3625 0.15625 0.19296875
1 0.06953125 0.05703125 0.13828125 0.11328125
1 0.34453125 0.03984375 0.29765625 0.07421875
1 0.578125 0.77890625 0.2234375 0.440625
1 0.76171875 0.78828125 0.11328125 0.14765625
1 0.05703125 0.40390625 0.1140625 0.1296875
1 0.10234375 0.8984375 0.10703125 0.09140625