1 0.2453125 0.496875 0.17109375 0.296875
1 0.38671875 0.07734375 0.3265625 0.15390625
1 0.9390625 0.27734375 0.12109375 0.4328125
1 0.88359375 0.31796875 0.23203125 0.15546875
1 0.49453125 0.50859375 0.20703125 0.16328125
1 0.4 0.32734375 0.1046875 0.15234375
1 0.6453125 0.696875 0.16796875 0.17421875
1 0.453125 0.80234375 0.13046875 0.23046875
1 0.7171875 0.8828125 0.209375 0.18828125
1 0.1640625 0.89609375 0.12109375 0.20703125
1 0.12421875 0.7015625 0.16015625 0.15078125
1 0.11640625 0.16953125 0.1875 0.30859375
1 0.35078125 0.8328125 0.23203125 0.29296875
1 0.68125 0.2640625 0.1796875 0.415625
1 0.89765625 0.78828125 0.2015625 0.4234375
1 0.07578125 0.428125 0.13828125 0.3046875
1 0.5265625 0.29453125 0.1265625 0.225