1 0.940625 0.32421875 0.11796875 0.29921875
1 0.7703125 0.5234375 0.08359375 0.1109375
1 0.9390625 0.81796875 0.12109375 0.07578125
1 0.62421875 0.61640625 0.13515625 0.18125
1 0.4578125 0.66640625 0.1765625 0.128125
1 0.48515625 0.91640625 0.09375 0.1671875
1 0.684375 0.82265625 0.1234375 0.19296875
1 0.703125 0.23828125 0.1609375 0.24453125
1 0.44765625 0.41953125 0.07578125 0.1859375
1 0.14453125 0.59765625 0.09375 0.1015625
1 0.17578125 0.753125 0.06875 0.12109375
1 0.5625 0.275 0.0703125 0.07734375