1 0.07109375 0.0453125 0.1234375 0.090625
1 0.26171875 0.2328125 0.203125 0.2953125
1 0.8109375 0.3015625 0.2453125 0.0984375
1 0.9625 0.884375 0.075 0.23125
1 0.46953125 0.68671875 0.10703125 0.18515625
1 0.60234375 0.9265625 0.10546875 0.146875
1 0.27421875 0.80703125 0.13671875 0.234375
1 0.0671875 0.58828125 0.1140625 0.2859375
1 0.59375 0.4015625 0.1234375 0.1203125
1 0.75859375 0.53125 0.140625 0.13515625
1 0.440625 0.24609375 0.140625 0.20234375
1 0.715625 0.09296875 0.13515625 0.0796875
1 0.64765625 0.6015625 0.06171875 0.18125
1 0.57890625 0.41953125 0.1734375 0.1203125