1 0.61953125 0.10703125 0.04453125 0.10546875
1 0.05625 0.18125 0.07734375 0.0375
1 0.15078125 0.06875 0.07578125 0.0734375
1 0.19765625 0.12265625 0.04453125 0.0984375
1 0.12734375 0.221875 0.11953125 0.04375
1 0.034375 0.29765625 0.06875 0.05859375
1 0.06953125 0.590625 0.09453125 0.303125
1 0.51640625 0.2390625 0.1625 0.47265625
1 0.64375 0.628125 0.16875 0.32578125
1 0.78125 0.45546875 0.2671875 0.30625
1 0.86640625 0.73671875 0.10625 0.171875
1 0.60078125 0.928125 0.053125 0.14296875
1 0.7703125 0.0984375 0.19296875 0.1171875
1 0.921875 0.17578125 0.09609375 0.1328125
1 0.3546875 0.55546875 0.08984375 0.09375
1 0.35703125 0.8765625 0.11953125 0.2015625