1 0.03828125 0.29296875 0.0765625 0.18984375
1 0.85078125 0.11953125 0.09453125 0.125
1 0.16953125 0.43359375 0.11953125 0.1203125
1 0.33359375 0.50234375 0.203125 0.253125
1 0.17578125 0.60546875 0.14453125 0.23046875
1 0.44609375 0.68671875 0.05703125 0.13828125
1 0.340625 0.88515625 0.1015625 0.13046875
1 0.61484375 0.30859375 0.10390625 0.1859375
1 0.7890625 0.40234375 0.1515625 0.23203125
1 0.75390625 0.65625 0.1359375 0.17578125
1 0.79609375 0.88515625 0.134375 0.13828125
1 0.584375 0.93984375 0.25546875 0.11953125
1 0.87734375 0.88359375 0.24453125 0.23203125
1 0.51015625 0.4359375 0.1 0.1046875