1 0.66953125 0.0703125 0.25703125 0.125
1 0.68359375 0.61328125 0.2203125 0.3953125
1 0.25859375 0.3390625 0.065625 0.08203125
1 0.1296875 0.35703125 0.06484375 0.08359375
1 0.1078125 0.53515625 0.05546875 0.0734375
1 0.05625 0.678125 0.0796875 0.071875
1 0.034375 0.94609375 0.04296875 0.103125
1 0.82265625 0.25703125 0.03828125 0.07578125
1 0.10703125 0.0875 0.04375 0.07890625
1 0.0125 0.475 0.025 0.08671875
1 0.96640625 0.64140625 0.06640625 0.05234375
1 0.9890625 0.95859375 0.02109375 0.0828125
1 0.12265625 0.95078125 0.06328125 0.08359375
1 0.07890625 0.609375 0.04453125 0.06328125
1 0.9296875 0.75625 0.13984375 0.13203125