1 0.540625 0.38046875 0.2171875 0.25078125
1 0.77578125 0.10546875 0.14296875 0.21015625
1 0.42890625 0.79921875 0.1421875 0.28515625
1 0.25703125 0.05390625 0.0609375 0.1078125
1 0.784375 0.4125 0.0625 0.165625
1 0.92734375 0.596875 0.14453125 0.12109375
1 0.16015625 0.940625 0.071875 0.11796875
1 0.88203125 0.8734375 0.0625 0.10078125
1 0.515625 0.75234375 0.0390625 0.090625
1 0.634375 0.86328125 0.0625 0.03828125
1 0.94765625 0.91015625 0.06640625 0.06484375
1 0.3328125 0.3 0.0484375 0.06640625
1 0.22890625 0.17421875 0.02890625 0.07578125
1 0.153125 0.5359375 0.0359375 0.05859375
1 0.2875 0.3921875 0.0421875 0.0625
1 0.1171875 0.01640625 0.065625 0.0328125
1 0.58515625 0.66015625 0.0375 0.06484375
1 0.79765625 0.52578125 0.0734375 0.06328125
1 0.7578125 0.603125 0.053125 0.05546875
1 0.0109375 0.30859375 0.021875 0.0921875