1 0.2953125 0.4125 0.06171875 0.10703125
1 0.57734375 0.53359375 0.0953125 0.08125
1 0.5875 0.721875 0.0421875 0.128125
1 0.41796875 0.8359375 0.1359375 0.0921875
1 0.47421875 0.61171875 0.04765625 0.10703125
1 0.65 0.70390625 0.04609375 0.05078125
1 0.62109375 0.13046875 0.0640625 0.14765625
1 0.1609375 0.17421875 0.08359375 0.10390625
1 0.8359375 0.053125 0.290625 0.0984375
1 0.5265625 0.3640625 0.12109375 0.14375
1 0.68203125 0.46796875 0.06171875 0.08125
1 0.0453125 0.40078125 0.05 0.0578125
1 0.0265625 0.15390625 0.053125 0.06484375
1 0.03984375 0.03671875 0.0484375 0.0734375
1 0.30546875 0.6140625 0.04609375 0.07578125
1 0.2296875 0.7046875 0.0671875 0.07421875
1 0.378125 0.1578125 0.03359375 0.04765625
1 0.23671875 0.1984375 0.0375 0.10390625
1 0.234375 0.3203125 0.09453125 0.08984375
1 0.52578125 0.08828125 0.0609375 0.0203125
1 0.5125 0.0265625 0.04296875 0.05234375
1 0.584375 0.04765625 0.03125 0.06484375
1 0.84921875 0.196875 0.02734375 0.0484375
1 0.88828125 0.23828125 0.06640625 0.05546875
1 0.9765625 0.55078125 0.0390625 0.06171875
1 0.3640625 0.978125 0.05859375 0.04296875
1 0.55390625 0.94453125 0.0390625 0.1109375
1 0.57265625 0.82421875 0.0515625 0.05390625
1 0.69453125 0.81640625 0.0328125 0.03046875
1 0.77109375 0.8484375 0.034375 0.0234375
1 0.63515625 0.92890625 0.04453125 0.03203125
1 0.84375 0.8703125 0.03671875 0.05234375
1 0.1375 0.96953125 0.1203125 0.05859375
1 0.753125 0.4953125 0.0625 0.0640625
1 0.32734375 0.27421875 0.03203125 0.0375