1 0.16953125 0.43671875 0.3390625 0.8734375
1 0.8484375 0.63515625 0.303125 0.44609375
1 0.41875 0.10234375 0.1390625 0.1953125
1 0.490625 0.2984375 0.2359375 0.1875
1 0.81328125 0.0375 0.14765625 0.06953125
1 0.92578125 0.20703125 0.0375 0.07578125
1 0.5859375 0.76015625 0.15234375 0.11484375
1 0.6734375 0.93671875 0.21484375 0.1265625
1 0.32265625 0.92890625 0.1640625 0.1421875
1 0.8125 0.20703125 0.05625 0.1
1 0.64375 0.36328125 0.0296875 0.1140625
1 0.52734375 0.04140625 0.0609375 0.0828125
1 0.03359375 0.840625 0.065625 0.08359375
1 0.97578125 0.07109375 0.04453125 0.065625
1 0.809375 0.9546875 0.05 0.08828125