1 0.31640625 0.21796875 0.15078125 0.33125
1 0.60703125 0.15625 0.140625 0.228125
1 0.53828125 0.67734375 0.3875 0.390625
1 0.7875 0.28046875 0.08671875 0.0765625
1 0.57265625 0.396875 0.13125 0.1640625
1 0.91328125 0.84375 0.17265625 0.31171875
1 0.71875 0.88828125 0.23125 0.2234375
1 0.1234375 0.18671875 0.2328125 0.35078125
1 0.25703125 0.5578125 0.1375 0.17265625
1 0.85859375 0.4375 0.07578125 0.165625
1 0.953125 0.56328125 0.08984375 0.134375
1 0.89375 0.15078125 0.07421875 0.0921875
1 0.96875 0.0828125 0.05546875 0.11875
1 0.33984375 0.94609375 0.0625 0.09609375
1 0.4890625 0.93671875 0.1015625 0.1265625
1 0.0859375 0.63515625 0.13984375 0.2984375
1 0.44765625 0.4328125 0.084375 0.078125
1 0.78125 0.3609375 0.0921875 0.09921875
1 0.43984375 0.275 0.059375 0.13671875
1 0.10234375 0.4375 0.10703125 0.07890625
1 0.30390625 0.8046875 0.11328125 0.075
1 0.8109375 0.6 0.0453125 0.06484375
1 0.446875 0.071875 0.09296875 0.08046875
1 0.35234375 0.4203125 0.07890625 0.0734375
1 0.09921875 0.90390625 0.07890625 0.13671875