1 0.71484375 0.38671875 0.2109375 0.77265625
1 0.9140625 0.1421875 0.1640625 0.284375
1 0.53125 0.76875 0.1765625 0.4625
1 0.15234375 0.621875 0.29765625 0.43671875
1 0.13203125 0.19609375 0.2640625 0.3140625
1 0.36171875 0.32109375 0.07578125 0.2046875
1 0.5171875 0.30546875 0.16171875 0.296875
1 0.3375 0.05 0.05859375 0.1
1 0.3765625 0.9 0.10859375 0.19921875
1 0.07265625 0.91015625 0.109375 0.178125
1 0.9515625 0.4578125 0.09609375 0.2109375
1 0.83046875 0.6625 0.05078125 0.14921875
1 0.946875 0.78671875 0.10234375 0.35546875
1 0.4453125 0.02578125 0.07109375 0.0515625
1 0.18046875 0.91875 0.08515625 0.07421875
1 0.37109375 0.578125 0.059375 0.06796875
1 0.8015625 0.86796875 0.05859375 0.06484375
1 0.6625 0.94140625 0.05625 0.1171875
1 0.80546875 0.95 0.040625 0.04140625
1 0.31484375 0.11953125 0.040625 0.05859375
1 0.884375 0.634375 0.04921875 0.06875
1 0.89140625 0.446875 0.034375 0.11015625