1 0.11796875 0.06875 0.18828125 0.1375
1 0.48671875 0.15546875 0.4109375 0.3109375
1 0.5953125 0.8453125 0.26015625 0.284375
1 0.8828125 0.6359375 0.234375 0.684375
1 0.35703125 0.575 0.18203125 0.228125
1 0.2015625 0.82578125 0.20546875 0.23359375
1 0.3921875 0.89921875 0.0734375 0.15234375
1 0.46796875 0.41875 0.07265625 0.1234375
1 0.53125 0.37421875 0.04609375 0.059375
1 0.65234375 0.46640625 0.134375 0.27421875
1 0.8734375 0.13671875 0.25234375 0.2640625
1 0.2515625 0.59453125 0.06796875 0.1421875
1 0.33359375 0.94921875 0.059375 0.1015625
1 0.77109375 0.6828125 0.11953125 0.18203125
1 0.37578125 0.38203125 0.04453125 0.1796875