1 0.5125 0.25546875 0.1203125 0.21328125
1 0.65078125 0.340625 0.15703125 0.1703125
1 0.73203125 0.65 0.12265625 0.11796875
1 0.68359375 0.50859375 0.06640625 0.13984375
1 0.8015625 0.93046875 0.12109375 0.13828125
1 0.36875 0.546875 0.07421875 0.11640625
1 0.38046875 0.7875 0.11015625 0.11328125
1 0.5 0.78828125 0.09609375 0.1078125
1 0.5171875 0.95234375 0.1078125 0.07734375
1 0.7453125 0.06875 0.12109375 0.13671875
1 0.93984375 0.35234375 0.11953125 0.25859375
1 0.58671875 0.51484375 0.07578125 0.10390625