1 0.1046875 0.684375 0.209375 0.63125
1 0.2953125 0.11640625 0.221875 0.2328125
1 0.1453125 0.2359375 0.05078125 0.115625
1 0.5234375 0.40234375 0.2546875 0.21015625
1 0.78671875 0.36875 0.240625 0.29296875
1 0.72109375 0.7765625 0.159375 0.334375
1 0.3265625 0.7671875 0.24296875 0.290625
1 0.54140625 0.765625 0.18828125 0.44609375
1 0.80390625 0.11171875 0.12578125 0.1375
1 0.47890625 0.140625 0.08125 0.11875
1 0.24453125 0.44296875 0.05625 0.12734375
1 0.640625 0.16640625 0.1453125 0.1484375
1 0.94921875 0.33125 0.09765625 0.08203125
1 0.7515625 0.95703125 0.146875 0.0859375
1 0.57578125 0.0359375 0.15 0.07109375
1 0.9125 0.06875 0.0390625 0.0828125
1 0.46640625 0.29765625 0.03828125 0.06875
1 0.8578125 0.52578125 0.0484375 0.05546875
1 0.2703125 0.50390625 0.07421875 0.09921875