1 0.8484375 0.37421875 0.25234375 0.34296875
1 0.9234375 0.0890625 0.13984375 0.16484375
1 0.840625 0.81015625 0.315625 0.3796875
1 0.48046875 0.603125 0.090625 0.271875
1 0.06796875 0.421875 0.08515625 0.146875
1 0.540625 0.34921875 0.13984375 0.21875
1 0.6546875 0.12890625 0.30234375 0.18203125
1 0.159375 0.6984375 0.07109375 0.20078125
1 0.0671875 0.77265625 0.07734375 0.1453125
1 0.27578125 0.86875 0.13515625 0.26171875
1 0.32265625 0.36015625 0.084375 0.18671875
1 0.409375 0.196875 0.08046875 0.13046875