1 0.34609375 0.190625 0.11953125 0.3296875
1 0.425 0.33984375 0.70625 0.13515625
1 0.19140625 0.58046875 0.16328125 0.3375
1 0.140625 0.9 0.28125 0.2
1 0.49375 0.60078125 0.18359375 0.1953125
1 0.77109375 0.434375 0.24453125 0.365625
1 0.86171875 0.665625 0.23203125 0.0828125
1 0.91796875 0.8578125 0.11953125 0.2625
1 0.8484375 0.0625 0.1828125 0.125
1 0.4125 0.76875 0.0578125 0.18671875
1 0.52734375 0.853125 0.0375 0.13515625
1 0.18984375 0.0609375 0.06015625 0.10859375
1 0.03203125 0.13046875 0.0640625 0.1203125
1 0.9453125 0.42109375 0.06484375 0.13828125
1 0.0484375 0.66484375 0.096875 0.1453125
1 0.06875 0.03515625 0.05859375 0.0703125
1 0.68515625 0.04140625 0.1109375 0.0828125
1 0.63046875 0.16796875 0.140625 0.13515625
1 0.934375 0.24765625 0.13046875 0.06875
1 0.74609375 0.23203125 0.08203125 0.06328125
1 0.19765625 0.76796875 0.18828125 0.12578125