1 0.87265625 0.18046875 0.2546875 0.3515625
1 0.74609375 0.621875 0.24921875 0.465625
1 0.08046875 0.64921875 0.1609375 0.42578125
1 0.0921875 0.20078125 0.18359375 0.40078125
1 0.4171875 0.08984375 0.06484375 0.128125
1 0.51171875 0.40625 0.16015625 0.29140625
1 0.35 0.43046875 0.08359375 0.22265625
1 0.2265625 0.43046875 0.07109375 0.1859375
1 0.23984375 0.83359375 0.1125 0.15390625
1 0.38359375 0.95625 0.11640625 0.0859375
1 0.5453125 0.90234375 0.0921875 0.1953125
1 0.528125 0.7109375 0.11796875 0.16640625
1 0.93828125 0.91015625 0.07890625 0.10703125
1 0.9484375 0.478125 0.10234375 0.23125
1 0.2859375 0.08515625 0.05234375 0.08984375
1 0.5328125 0.084375 0.06796875 0.09765625
1 0.69375 0.24375 0.13671875 0.30703125
1 0.3359375 0.165625 0.04921875 0.09296875
1 0.384375 0.6828125 0.03984375 0.05234375
1 0.24609375 0.61484375 0.0296875 0.0515625
1 0.18125 0.5921875 0.0296875 0.06328125
1 0.8203125 0.93046875 0.03359375 0.084375
1 0.5203125 0.58125 0.0609375 0.09140625