1 0.28671875 0.071875 0.15703125 0.1328125
1 0.5296875 0.05703125 0.13359375 0.08671875
1 0.93046875 0.26015625 0.13828125 0.30078125
1 0.52578125 0.54375 0.1375 0.23046875
1 0.2828125 0.55703125 0.13984375 0.303125
1 0.66875 0.728125 0.1546875 0.13125
1 0.7296875 0.9015625 0.18671875 0.1390625
1 0.48046875 0.8375 0.14375 0.240625
1 0.2875 0.54375 0.12109375 0.3328125
1 0.6796875 0.584375 0.1421875 0.121875
1 0.4296875 0.3703125 0.0921875 0.15703125
1 0.50703125 0.2015625 0.15390625 0.13515625
1 0.20234375 0.925 0.109375 0.14921875