1 0.77109375 0.48046875 0.35703125 0.671875
1 0.46953125 0.81015625 0.32109375 0.37890625
1 0.38828125 0.16171875 0.31953125 0.31015625
1 0.16640625 0.7078125 0.24453125 0.2484375
1 0.528125 0.5171875 0.11484375 0.15
1 0.18671875 0.334375 0.09375 0.1390625
1 0.596875 0.05703125 0.0609375 0.10234375
1 0.9015625 0.025 0.0515625 0.04453125
1 0.9828125 0.04375 0.03359375 0.065625
1 0.965625 0.1375 0.06171875 0.065625
1 0.18125 0.03125 0.0546875 0.06171875
1 0.3234375 0.49375 0.04921875 0.05703125
1 0.80859375 0.88671875 0.034375 0.14375
1 0.7140625 0.02890625 0.140625 0.0578125
1 0.275 0.56171875 0.06171875 0.03984375