1 0.03984375 0.3421875 0.0796875 0.2296875
1 0.8546875 0.12265625 0.10234375 0.11484375
1 0.9703125 0.05703125 0.05859375 0.109375
1 0.17734375 0.5859375 0.178125 0.37578125
1 0.33828125 0.50078125 0.21953125 0.221875
1 0.3578125 0.92109375 0.0671875 0.0953125
1 0.45546875 0.67578125 0.08515625 0.109375
1 0.78359375 0.42265625 0.18828125 0.221875
1 0.765625 0.6390625 0.12734375 0.19296875
1 0.77421875 0.8984375 0.16328125 0.15703125
1 0.91796875 0.88828125 0.1609375 0.2234375
1 0.46796875 0.925 0.084375 0.13515625
1 0.63046875 0.321875 0.090625 0.1125
1 0.5078125 0.48515625 0.1421875 0.1140625